Latency	Type	Duration
0.033333	10	2083.2
2365.5	12	1250
3248.3	22	882.86
3598.5	10	2780.7
6663.5	11	1250
7092.2	21	428.73
7413.7	10	2516.7
10213	12	1250
10868	22	655.61
11179	10	2832.8
14312	11	1250
14797	21	485.78
15111	10	2782.1
18193	11	1250
18617	21	423.97
18926	10	2707.5
21942	12	1250
22595	22	653.35
22909	10	2811.8
26007	11	1250
26476	21	468.97
26791	10	2115.2
29206	11	1250
29651	21	444.94
29956	10	2726.1
32989	12	1250
33585	22	596.66
33888	10	2806.5
37004	12	1250
37827	22	823.37
38137	10	2665.3
41102	11	1250
41489	21	386.83
41802	10	2883.5
44984	11	1250
45428	21	443.92
45734	10	2805.7
48850	12	1250
49406	22	556.78
49716	10	2649.9
52665	12	1250
53308	22	642.65
53615	10	2831.6
56747	11	1250
57155	21	408.13
57464	10	2384.7
60146	12	1250
60807	22	661.71
61129	10	2808
64228	11	1250
64622	21	394.53
64945	10	2745.4
67976	12	1250
68458	22	481.83
68777	10	2470.7
71542	12	1250
72265	22	723.31
72592	10	2398.2
75291	11	1250
75749	21	458.41
76057	10	2499.5
78856	11	1250
79330	21	474.44
79639	10	2159.5
82105	12	1250
82624	22	519.04
82938	10	2249.5
85487	11	1250
85994	21	507.24
86320	10	2363
88969	11	1250
89384	21	415.3
89703	10	2233.9
92235	12	1250
92819	22	584.56
93135	10	2714.5
96150	11	1250
96532	21	382.35
96850	10	2055.9
99216	12	1250
100110	22	892.22
100430	10	2361
103100	11	1250
103480	21	377.34
103800	10	2933.3
107030	12	1250
107760	22	727.84
108080	10	2369.3
110750	12	1250
111260	22	513.12
111580	10	2979.2
114880	11	1250
115370	21	490.89
115690	10	2353
118360	12	1250
118960	22	598.62
119280	10	2793.8
122390	11	1250
122790	21	402.57
123110	10	2235.4
125660	11	1250
126150	21	488.03
126470	10	2679.8
129460	12	1250
130390	22	937.67
130720	10	2286
133300	11	1250
133650	21	346.95
133970	10	2613.7
136900	12	1250
137610	22	705.84
137940	10	2822.4
141070	12	1250
141700	22	634.67
142040	10	2252.6
144580	11	1250
145090	21	507.33
145420	10	2353.5
148080	12	1250
148690	22	609.3
149020	10	2575
151900	12	1250
152580	22	686.17
152910	10	2141
155360	11	1250
155850	21	487.47
156180	10	2976.1
159460	12	1250
160070	22	610.12
160400	10	2456.2
163160	12	1250
163660	22	499.37
163990	10	2126.1
166430	11	1250
166930	21	504.91
167260	10	2479.1
170060	11	1250
170500	21	445.44
170820	10	2508.1
173660	12	1250
174310	22	648.94
174640	10	2109.2
177060	11	1250
177580	21	523.87
184220	10	2367.7
186900	12	1250
187980	22	1079
188320	10	2953.4
191580	11	1250
192290	21	701.27
192620	10	2146.1
195080	12	1250
195680	22	595.3
196020	10	2887.7
199220	11	1250
199660	21	441.56
199980	10	2546.3
202850	12	1250
203460	22	616.86
203800	10	2382.4
206500	11	1250
206860	21	368.03
207200	10	2623.9
210150	12	1250
210760	22	612.99
211090	10	2892.6
214290	11	1250
214710	21	417.86
215040	10	2204.7
217560	12	1250
218220	22	658.41
218560	10	2720
221590	11	1250
221990	21	398.98
222330	10	2745.8
225390	12	1250
225920	22	525.4
226260	10	2969.3
229560	11	1250
230020	21	464.96
230360	10	2147.5
232820	12	1250
233430	22	606.53
233770	10	2901.4
236990	11	1250
237490	21	506.3
237840	10	2517
240670	12	1250
241350	22	680.92
241680	10	2807.2
244820	12	1250
245480	22	658.6
245820	10	2891
249030	11	1250
249530	21	500.15
249870	10	2143.6
252330	11	1250
252860	21	531.65
253200	10	2255
255800	12	1250
256780	22	986.02
257130	10	2723
260180	11	1250
260620	21	437.9
260960	10	2438.9
263710	11	1250
264240	21	529.22
264580	10	2230.6
267130	12	1250
267760	22	637.66
268110	10	2392.7
270820	12	1250
271470	22	648.4
271820	10	2380.4
274520	11	1250
275000	21	476.77
275340	10	2711.2
278370	11	1250
278810	21	435.36
279140	10	2624.1
282120	12	1250
282830	22	713.42
283170	10	2278.3
285790	12	1250
286510	22	726.06
286850	10	2819.3
290000	11	1250
290460	21	459.64
290800	10	2593.2
293730	11	1250
294270	21	531.88
294620	10	2513.8
297470	12	1250
298090	22	625.67
298430	10	2299.1
301060	12	1250
301650	22	588.68
302000	10	2571.3
304900	11	1250
305430	21	531.1
305760	10	2803
308910	11	1250
309440	21	529.33
309790	10	2026.8
312140	12	1250
312700	22	553.05
313040	10	2733.7
316110	12	1250
316770	22	656.88
317110	10	2211.8
319660	11	1250
320170	21	511.17
320510	10	2920.2
323770	11	1250
324230	21	451.92
324570	10	2611.6
327520	12	1250
328200	22	682
328560	10	2725.5
331640	12	1250
332260	22	622
332600	10	2366.3
335300	11	1250
335780	21	475.21
336120	10	2322.6
338780	12	1250
339440	22	653.47
339780	10	2346
342470	11	1250
342890	21	422.99
343230	10	2546.7
346120	11	1250
346570	21	453.98
346920	10	2730.5
349980	12	1250
350720	22	736.16
351060	10	2763.5
354160	11	1250
354640	21	472.17
354980	10	2613.7
357930	12	1250
358800	22	876.08
359160	10	2035.6
361530	11	1250
361980	21	450.77
362330	10	2026.9
364690	12	1250
365250	22	558.34
371740	10	2602.9
374670	11	1250
375210	21	533.29
375560	10	2401.1
378310	12	1250
379220	22	919.23
379570	10	2959.9
382870	11	1250
383400	21	530.4
383750	10	2015.2
386100	12	1250
386710	22	604.84
387070	10	2881.7
390280	12	1250
391000	22	712.8
391370	10	2116.3
393820	11	1250
394250	21	434.75
394620	10	2862
397820	12	1250
398730	22	914.06
399080	10	2799.8
402230	12	1250
402720	22	490.95
403080	10	2319.2
405750	11	1250
406190	21	445.62
406560	10	2487.3
409390	12	1250
410140	22	743.75
410510	10	2696.6
413540	12	1250
414180	22	636.05
414540	10	2448
417340	11	1250
417780	21	435.42
418140	10	2960.2
421440	11	1250
421910	21	473.84
422270	10	2976.2
425590	12	1250
426270	22	684.64
426640	10	2224.1
429200	11	1250
429580	21	375.02
429940	10	2010
432300	11	1250
432910	21	601.85
433270	10	2775.6
436400	12	1250
437040	22	639.2
437400	10	2308.4
440070	11	1250
440540	21	468.89
440900	10	2261.9
443520	12	1250
444180	22	665.79
444550	10	2215
447120	11	1250
447600	21	489.01
447960	10	2774.3
451080	12	1250
451950	22	866.34
452330	10	2357.5
455030	12	1250
455520	22	490.35
455880	10	2372.9
458610	11	1250
459060	21	445.67
459440	10	2361
462160	11	1250
462600	21	444.21
462980	10	2285.4
465610	12	1250
466290	22	684.18
466660	10	2144.1
469160	11	1250
469640	21	486.7
470020	10	2538.2
472910	11	1250
473430	21	519.78
473790	10	2957.4
477100	12	1250
477710	22	609.29
478090	10	2658.4
481100	12	1250
481730	22	625.56
482100	10	2246.6
484700	11	1250
485120	21	421.84
485500	10	2781
488630	12	1250
489310	22	679.07
489680	10	2381.8
492420	12	1250
493000	22	584.89
493370	10	2072
495800	11	1250
496290	21	488.52
496670	10	2378
499400	11	1250
499900	21	504.03
500280	10	2575
503200	12	1250
503880	22	681.6
504250	10	2401.3
507010	12	1250
507710	22	702.73
508090	10	2480.1
510930	11	1250
511390	21	463.23
511760	10	2335.2
514460	12	1250
515020	22	563.12
515410	10	2325.3
518070	11	1250
518670	21	593.11
519040	10	2212.1
521610	12	1250
522210	22	607.07
522590	10	2269.8
525220	11	1250
525740	21	521.21
526120	10	2663.3
529140	12	1250
529940	22	806.02
530340	10	2287.9
532970	12	1250
533620	22	651.95
534000	10	2439.9
536800	11	1250
537370	21	567.87
537750	10	2598
540720	11	1250
541360	21	643.35
541730	10	2377.4
544480	12	1250
545020	22	534.02
545400	10	2567.1
548310	11	1250
548910	21	595.05
549280	10	2336.5
551980	11	1250
552460	21	478.62
558900	10	2245.4
561510	11	1250
562000	21	488.74
562380	10	2957.3
565690	11	1250
566250	21	563.07
566640	10	2266.9
569260	12	1250
570020	22	765.95
570410	10	2605.5
573370	11	1250
573770	21	401.08
574160	10	2221.4
576740	11	1250
577240	21	502.42
577620	10	2425.1
580420	12	1250
581050	22	628.12
581440	10	2484.4
584290	11	1250
584650	21	362.78
585040	10	2732.3
588130	12	1250
588930	22	792.25
589320	10	2314.9
591980	11	1250
592340	21	357.69
592720	10	2870.2
595960	12	1250
596680	22	718.43
597060	10	2125.2
599560	12	1250
600310	22	746.05
600700	10	2734.2
603800	11	1250
604290	21	492.7
604680	10	2287.2
607330	12	1250
607980	22	653.91
608360	10	2486.1
611230	11	1250
611710	21	480.95
612090	10	2526.1
614990	11	1250
615530	21	540.41
615910	10	2918
619210	12	1250
619860	22	649.21
620240	10	2715
623360	11	1250
623800	21	446.54
624190	10	2552.3
627120	11	1250
627630	21	508.1
628020	10	2761.8
631150	12	1250
631700	22	551.24
632100	10	2538.2
635000	11	1250
635460	21	459.21
635850	10	2866.3
639080	11	1250
639530	21	444.79
639920	10	2196.6
642480	12	1250
643180	22	697.82
643570	10	2150.1
646080	12	1250
646870	22	788.52
647260	10	2722.6
650350	11	1250
650870	21	521.29
651260	10	2175.1
653810	12	1250
654340	22	528.31
654730	10	2170.4
657280	11	1250
657810	21	530.95
658210	10	2715.3
661290	12	1250
661940	22	645.82
662330	10	2020.2
664720	12	1250
665430	22	706.65
665830	10	2692.5
668890	11	1250
669330	21	438.53
669720	10	2031.7
672120	12	1250
672740	22	616.96
673140	10	2003.8
675500	12	1250
676280	22	771.28
676670	10	2324.9
679370	11	1250
679820	21	448.33
680220	10	2872.6
683470	12	1250
684120	22	648.8
684520	10	2285.6
687170	12	1250
687980	22	812.19
688380	10	2929.8
691680	11	1250
692120	21	436.52
692520	10	2073.5
694960	11	1250
695400	21	434.85
695800	10	2907.3
699080	12	1250
699660	22	583.55
700060	10	2541.4
702980	12	1250
703630	22	652.8
704030	10	2979
707380	11	1250
707810	21	436.4
708210	10	2890.9
711480	11	1250
711980	21	506.01
712380	10	2390.1
715160	12	1250
715720	22	560.48
716120	10	2444.2
718940	12	1250
719570	22	632.82
719970	10	2850
723210	11	1250
723650	21	449.2
724060	10	2085.4
726520	11	1250
726880	21	355.44
727300	10	2400.1
730090	12	1250
730720	22	629.25
731120	10	2702.1
734200	12	1250
734770	22	566.71
735170	10	2755.9
738320	11	1250
738680	21	366.55
739080	10	2521.1
741980	12	1250
742690	22	705.14
748960	10	2303.7
751660	12	1250
752180	22	520.1
752580	10	2926
755890	11	1250
756270	21	376.16
756680	10	2515.7
759580	11	1250
760060	21	485.98
760480	10	2199
763060	12	1250
763860	22	806.16
764270	10	2065.3
766720	11	1250
767310	21	587.4
767720	10	2964.1
771070	12	1250
771580	22	509.79
771990	10	2750.9
775120	11	1250
775580	21	456.83
775990	10	2852
779240	12	1250
779830	22	588.88
780240	10	2362.6
782990	12	1250
783590	22	605.15
784000	10	2281.7
786670	11	1250
787580	21	910.16
787980	10	2174.7
790550	12	1250
791050	22	499.04
791450	10	2058
793900	11	1250
794430	21	536.37
794850	10	2355.1
797580	12	1250
798680	22	1099.4
799100	10	2624.3
802130	11	1250
802680	21	546.62
803080	10	2323.7
805790	11	1250
806210	21	420.54
806630	10	2320.1
809330	12	1250
809920	22	596.5
810340	10	2450
813170	12	1250
813710	22	532.45
814120	10	2604.1
817110	11	1250
817550	21	445.65
817960	10	2953.4
821310	11	1250
821820	21	514.88
822240	10	2275.7
824900	12	1250
825450	22	549.06
825870	10	2363.6
828620	12	1250
829270	22	650.09
829690	10	2804.7
832870	11	1250
833290	21	423.59
833700	10	2446.4
836550	11	1250
837010	21	455.2
837420	10	2258.1
840070	12	1250
840740	22	674.64
841150	10	2493
844050	12	1250
844620	22	574.67
845030	10	2186.3
847610	11	1250
848140	21	522.54
848560	10	2193.4
851140	11	1250
851640	21	496.59
852060	10	2684
855130	12	1250
855690	22	566.59
856110	10	2516.8
859030	12	1250
859680	22	652.42
860090	10	2698.1
863190	11	1250
863660	21	469.09
864070	10	2077.8
866560	12	1250
867250	22	694.48
867670	10	2612.5
870670	11	1250
871160	21	491.73
871590	10	2762.4
874740	11	1250
875120	21	386
875540	10	2504.9
878440	12	1250
879060	22	621.69
879470	10	2884.7
882750	12	1250
883540	22	786.07
883950	10	2221.8
886580	11	1250
887030	21	445.86
887450	10	2061.5
889920	11	1250
890500	21	585.78
890920	10	2240.5
893560	12	1250
894320	22	755
894730	10	2150.5
897280	12	1250
898360	22	1076.1
898780	10	2576.3
901760	11	1250
902150	21	388.08
902580	10	2395
905380	12	1250
906100	22	724.27
906530	10	2475.1
909390	11	1250
909800	21	409.5
910230	10	2291.3
912940	11	1250
913330	21	391.57
913760	10	2819.2
916970	12	1250
917650	22	679.3
918070	10	2618.4
921100	12	1250
921680	22	572.52
922110	10	2970
925490	11	1250
925940	21	453.54
926370	10	2652.4
929440	11	1250
929970	21	532.83
930380	10	2335.1
933130	12	1250
933730	22	599.12
940180	10	2077.3
942660	12	1250
943350	22	682.01
943760	10	2002.2
946180	11	1250
946590	21	409.72
947010	10	2452.1
949880	12	1250
950460	22	576.67
950880	10	2465.1
953760	12	1250
954520	22	763.72
954940	10	2052
957410	11	1250
957800	21	387.1
958230	10	2194.7
960830	11	1250
961220	21	394.3
961640	10	2085.3
964140	12	1250
964740	22	596.79
965160	10	2379.9
967960	11	1250
968450	21	489.45
968870	10	2455.3
971740	11	1250
972240	21	502.63
972670	10	2967.6
976050	12	1250
976600	22	551.26
977040	10	2662.7
980120	12	1250
980640	22	520.9
981070	10	2125.5
983600	11	1250
984030	21	431.38
984470	10	2538.9
987420	11	1250
987860	21	440.5
988280	10	2512
991210	12	1250
991760	22	549.7
992200	10	2413.5
995030	11	1250
995540	21	509.31
995980	10	2066.4
998450	12	1250
998920	22	469.98
999350	10	2584.1
1002300	11	1250
1002700	21	336.42
1003100	10	2639.5
1006200	12	1250
1006900	22	730.54
1007400	10	2355.6
1010100	11	1250
1010600	21	480.33
1011000	10	2152.3
1013600	12	1250
1014300	22	684.23
1014700	10	2521.4
1017700	12	1250
1018200	22	558.77
1018700	10	2510.2
1021600	11	1250
1022000	21	467.64
1022500	10	2517.7
1025400	12	1250
1026100	22	697.6
1026600	10	2627
1029600	12	1250
1030100	22	504.02
1030600	10	2292
1033300	11	1250
1033800	21	507.19
1034200	10	2182.5
1036800	12	1250
1037400	22	574.2
1037800	10	2433.8
1040700	11	1250
1041200	21	510.64
1041600	10	2857.2
1044900	11	1250
1045300	21	391.88
1045700	10	2426.7
1048600	12	1250
1049200	22	648.42
1049600	10	2922.1
1053000	11	1250
1053500	21	506
1053900	10	2446.7
1056800	12	1250
1057400	22	613.31
1057900	10	2750.3
1061000	11	1250
1061300	21	304.3
1061800	10	2829.1
1065000	12	1250
1065600	22	564.31
1066000	10	2078.4
1068500	11	1250
1069000	21	512.1
1069500	10	2100.2
1072000	12	1250
1072600	22	614.8
1073100	10	2098.9
1075600	11	1250
1076000	21	389.88
1076400	10	2376
1079200	12	1250
1079800	22	591.95
1080200	10	2473.7
1083100	11	1250
1083600	21	505.05
1084100	10	2520.7
1087000	12	1250
1087600	22	576.24
1088100	10	2173
1090700	12	1250
1091300	22	590.83
1091700	10	2554.2
1094700	11	1250
1095200	21	501.87
1095600	10	2333.6
1098400	11	1250
1098800	21	429.95
1099300	10	2446
1102100	12	1250
1102700	22	615.33
1103200	10	2347.2
1106000	12	1250
1106700	22	735.4
1107200	10	2956.9
1110500	11	1250
1111000	21	446.7
1111400	10	2605.2
1114500	12	1250
1115000	22	548.31
1115500	10	2248.2
1118200	11	1250
1118600	21	411.11
1119000	10	2179.3
1121600	11	1250
1122100	21	436.73
1128800	10	2511.3
1131700	11	1250
1132300	21	550.71
1132700	10	2493.8
1135600	12	1250
1136400	22	712.34
1136800	10	2257.8
1139500	11	1250
1140000	21	481.74
1140400	10	2013.9
1142900	12	1250
1143500	22	682.25
1144000	10	2696.3
1147100	11	1250
1147600	21	431.64
1148000	10	2521.4
1151000	12	1250
1151700	22	756.04
1152200	10	2332.8
1154900	12	1250
1155600	22	634.39
1156000	10	2578.1
1159000	11	1250
1159400	21	419.03
1159900	10	2550.4
1162900	12	1250
1163600	22	733.08
1164100	10	2703.9
1167200	11	1250
1167600	21	347.08
1168000	10	2616.9
1171100	12	1250
1171800	22	697.59
1172200	10	2902.8
1175500	11	1250
1176100	21	519.77
1176500	10	2573.9
1179500	12	1250
1180200	22	698.96
1180700	10	2379.3
1183500	11	1250
1184000	21	565.23
1184500	10	2021.3
1186900	12	1250
1187600	22	612.76
1188000	10	2588.3
1191000	12	1250
1191800	22	758.2
1192200	10	2158.9
1194800	11	1250
1195200	21	405.41
1195700	10	2286.1
1198400	12	1250
1199000	22	625.97
1199500	10	2695.5
1202600	11	1250
1203100	21	508.08
1203600	10	2599
1206600	11	1250
1207100	21	431.25
1207500	10	2185.1
1210100	12	1250
1210700	22	526.56
1211100	10	2087.1
1213700	11	1250
1214100	21	462.16
1214600	10	2855.7
1217900	12	1250
1218400	22	575.96
1218900	10	2916.3
1222300	11	1250
1222700	21	479.58
1223200	10	2167.9
1225800	12	1250
1226500	22	672.44
1226900	10	2828.6
1230200	11	1250
1230800	21	553.14
1231200	10	2620.8
1234300	12	1250
1234800	22	567.04
1235300	10	2742.7
1238500	11	1250
1239000	21	545.19
1239500	10	2782.7
1242700	12	1250
1243600	22	883.36
1244100	10	2267.5
1246800	12	1250
1247700	22	922.25
1248200	10	2292.7
1250900	11	1250
1251500	21	599.11
1252000	10	2091.9
1254500	12	1250
1255100	22	651.9
1255600	10	2678
1258700	11	1250
1259300	21	518.36
1259700	10	2153.7
1262300	11	1250
1262800	21	434.29
1263200	10	2057.9
1265700	12	1250
1266400	22	700.59
1266900	10	2237.2
1269600	11	1250
1270000	21	432.94
1270500	10	2297.2
1273200	11	1250
1273600	21	436.92
1274100	10	2469.8
1277000	12	1250
1277700	22	622.71
1278100	10	2711.3
1281300	12	1250
1281900	22	596.56
1282400	10	2999
1285800	11	1250
1286200	21	442.98
1286700	10	2191
1289400	12	1250
1290000	22	657.53
1290500	10	2317.4
1293300	11	1250
1293800	21	586.77
1294300	10	2686
1297400	12	1250
1298100	22	672.27
1298600	10	2474.1
1301500	12	1250
1302200	22	730.91
1302700	10	2388.6
1305500	11	1250
1306100	21	537.75
1306500	10	2148.9
1309100	11	1250
1309700	21	582.2
1310200	10	2349.9
1313000	12	1250
1313500	22	527.36
1314000	10	2697.5
1317100	11	1250
1317600	21	498.79
1323700	10	2312.6
1326500	11	1250
1327000	21	518.26
1327500	10	2111.8
1330000	12	1250
1330900	22	902.53
1331400	10	2991.4
1334800	11	1250
1335300	21	476.5
1335800	10	2136.6
1338400	12	1250
1339100	22	739.41
1339600	10	2012.2
1342000	11	1250
1342500	21	493.5
1343000	10	2457.9
1345900	12	1250
1346500	22	610.33
1347000	10	2856.9
1350300	12	1250
1350900	22	577.7
1351400	10	2876.9
1354700	11	1250
1355300	21	572.51
1355800	10	2302.5
1358500	12	1250
1359100	22	598.31
1359600	10	2646.4
1362700	11	1250
1363100	21	388.21
1363600	10	2635.7
1366600	11	1250
1367100	21	435.83
1367600	10	2132.9
1370100	12	1250
1370700	22	516.74
1371100	10	2287.9
1373900	11	1250
1374300	21	439.86
1374800	10	2581.2
1377800	12	1250
1378500	22	656.29
1379000	10	2319.5
1381700	12	1250
1382400	22	623.77
1382800	10	2438.4
1385700	11	1250
1386200	21	472.02
1386700	10	2963.5
1390100	11	1250
1390600	21	473.1
1391000	10	2722.4
1394200	12	1250
1394900	22	632.25
1395300	10	2088.7
1397900	12	1250
1398600	22	690.49
1399000	10	2186.4
1401700	11	1250
1402300	21	560.7
1402700	10	2960.5
1406200	12	1250
1406800	22	631.82
1407300	10	2035.1
1409800	11	1250
1410200	21	448.13
1410700	10	2169
1413300	12	1250
1414000	22	651.43
1414400	10	2950.9
1417900	11	1250
1418300	21	463.87
1418800	10	2218.8
1421500	11	1250
1422000	21	497.67
1422500	10	2976.6
1425900	12	1250
1426700	22	759.53
1427200	10	2202.5
1429800	11	1250
1430200	21	420.93
1430700	10	2257.9
1433400	11	1250
1434000	21	520.69
1434400	10	2245.2
1437200	12	1250
1438000	22	833.5
1438500	10	2292.4
1441200	12	1250
1441800	22	567.61
1442300	10	2875.6
1445600	11	1250
1446000	21	371.93
1446500	10	2652.2
1449600	12	1250
1450300	22	639.26
1450800	10	2188.4
1453400	11	1250
1454000	21	573.85
1454500	10	2910.8
1457800	12	1250
1458500	22	680.99
1459000	10	2869.3
1462300	12	1250
1462900	22	511.6
1463300	10	2690.3
1466500	11	1250
1467000	21	513.01
1467500	10	2917.2
1470900	12	1250
1471600	22	703.04
1472100	10	2951.8
1475500	11	1250
1476100	21	608.95
1476600	10	2421.4
1479500	11	1250
1479900	21	430.08
1480400	10	2763.8
1483600	12	1250
1484200	22	556.26
1484700	10	2506.1
1487700	12	1250
1488800	22	1101.4
1489200	10	2183.5
1491900	11	1250
1492300	21	370.37
1492700	10	2005.6
1495200	11	1250
1495700	21	423.78
1496100	10	2104.9
1498700	12	1250
1499300	22	595.72
1499800	10	2963.7
1503200	11	1250
1503700	21	455.66
1504200	10	2871.8
1507500	11	1250
1508000	21	523.07
1508500	10	2637.8
1511600	12	1250
1512400	22	787.11
1512900	10	2320.8
1515700	12	1250
1516400	22	695.81
